Time,Data,FinalFit
1,707,757.1638671875
2,789.75,757.1638671875
3,711.75,757.1638671875
4,587.75,757.1638671875
5,673.5,757.1638671875
6,598.25,757.1638671875
7,671,757.1638671875
8,806,757.1638671875
9,715,757.1638671875
10,602.75,757.1638671875
11,692.25,757.1638671875
12,681,757.1638671875
13,668,757.1638671875
14,682.25,757.1638671875
15,982,757.1638671875
16,773.5,757.1638671875
17,866.25,757.1638671875
18,716.25,757.1638671875
19,625.75,757.1638671875
20,719.75,757.1638671875
21,726.75,757.1638671875
22,650.5,757.1638671875
23,741.75,757.1638671875
24,857.75,757.1638671875
25,695.75,757.1638671875
26,677.5,757.1638671875
27,609,757.1638671875
28,717,757.1638671875
29,639.5,757.1638671875
30,673.25,757.1638671875
31,632.25,757.1638671875
32,861,757.1638671875
33,774.5,757.1638671875
34,642.5,757.1638671875
35,650.5,757.1638671875
36,679,757.1638671875
37,732.25,757.1638671875
38,898.5,757.1638671875
39,875.75,757.1638671875
40,738.75,757.1638671875
41,793,757.1638671875
42,801.75,757.1638671875
43,675.25,757.1638671875
44,531.25,757.1638671875
45,694.75,757.1638671875
46,723.75,757.1638671875
47,634.5,757.1638671875
48,591.75,757.1638671875
49,660.25,757.1638671875
50,787.75,757.1638671875
51,693.25,757.1638671875
52,672.5,757.1638671875
53,751,757.1638671875
54,719.5,757.1638671875
55,774,757.1638671875
56,604.75,757.1638671875
57,687.25,757.1638671875
58,849.25,757.1638671875
59,831.5,757.1638671875
60,698,757.1638671875
61,805.75,757.1638671875
62,820.5,757.1638671875
63,725.75,757.1638671875
64,686,757.1638671875
65,546.25,757.1638671875
66,823.25,757.1638671875
67,866.5,757.1638671875
68,748,757.1638671875
69,763.75,757.1638671875
70,652.25,757.1638671875
71,610.75,757.1638671875
72,663,757.1638671875
73,720.25,757.1638671875
74,696.75,757.1638671875
75,782,757.1638671875
76,668.75,757.1638671875
77,756.25,757.1638671875
78,602,757.1638671875
79,648,757.1638671875
80,811,757.1638671875
81,772.75,757.1638671875
82,707.75,757.1638671875
83,803.75,757.1638671875
84,731,757.1638671875
85,779.75,757.1638671875
86,810.75,757.1638671875
87,855.75,757.1638671875
88,879.25,757.1638671875
89,719.5,757.1638671875
90,565,757.1638671875
91,702,757.1638671875
92,657.25,757.1638671875
93,631.75,757.1638671875
94,629.25,757.1638671875
95,715.5,757.1638671875
96,689,757.1638671875
97,720,757.1638671875
98,811.5,757.1638671875
99,580.75,757.1638671875
100,608.5,757.1638671875
101,647.75,757.1638671875
102,744.5,757.1638671875
103,884.5,757.1638671875
104,688.25,757.1638671875
105,719.75,757.1638671875
106,622.5,757.1638671875
107,708.75,757.1638671875
108,752,757.1638671875
109,798,757.1638671875
110,776,757.1638671875
111,781.25,757.1638671875
112,700.75,757.1638671875
113,699.25,757.1638671875
114,739.25,757.1638671875
115,664.25,757.1638671875
116,793,757.1638671875
117,727.5,757.1638671875
118,790,757.1638671875
119,611.75,757.1638671875
120,654.25,757.1638671875
121,650.5,757.1638671875
122,604.25,757.1638671875
123,646,757.1638671875
124,708.25,757.1638671875
125,902.75,757.1638671875
126,750.5,757.1638671875
127,778.75,757.1638671875
128,843,757.1638671875
129,651.5,757.1638671875
130,679.25,757.1638671875
131,658,757.1638671875
132,575.75,757.1638671875
133,694.25,757.1638671875
134,839.75,757.1638671875
135,749,757.1638671875
136,709.5,757.1638671875
137,690.5,757.1638671875
138,686.5,757.1638671875
139,709.5,757.1638671875
140,665.5,757.1638671875
141,867.75,757.1638671875
142,620.25,757.1638671875
143,613,757.1638671875
144,671.5,757.1638671875
145,669,757.1638671875
146,692.75,757.1638671875
147,709,757.1638671875
148,896.5,757.1638671875
149,1072.2,757.1638671875
150,914,757.1638671875
151,900.75,757.1638671875
152,873,757.1638671875
153,776.25,757.1638671875
154,945.25,757.1638671875
155,1007.2,757.1638671875
156,734.5,757.1638671875
157,614,757.1638671875
158,897.25,757.1638671875
159,610.75,757.1638671875
160,831,757.1638671875
161,788.75,757.1638671875
162,820.75,757.1638671875
163,801.75,757.1638671875
164,873.75,757.1638671875
165,845.5,757.1638671875
166,904.75,757.1638671875
167,941,757.1638671875
168,996.5,757.1638671875
169,899.75,757.1638671875
170,833.5,757.1638671875
171,979,757.1638671875
172,961.25,757.1638671875
173,968.25,757.1638671875
174,898.25,757.1638671875
175,1094,757.1638671875
176,831.25,757.1638671875
177,834.5,757.1638671875
178,834.25,757.1638671875
179,821,757.1638671875
180,675.75,757.1638671875
181,713.5,757.1638671875
182,740.25,757.1638671875
183,254.5,757.1638671875
184,543.75,757.1638671875
185,776.75,757.1638671875
186,906.5,757.1638671875
187,456.5,757.1638671875
188,735.75,757.1638671875
189,903.75,757.1638671875
190,1168.8,757.1638671875
191,1471,757.1638671875
192,1184.5,757.1638671875
193,974,757.1638671875
194,903.5,757.1638671875
195,746.25,757.1638671875
196,737,757.1638671875
197,735.5,757.1638671875
198,685.25,757.1638671875
199,891.75,757.1638671875
200,790.5,757.1638671875
201,747,757.1638671875
202,521.5,757.1638671875
203,588.5,757.1638671875
204,781.75,757.1638671875
205,808.75,757.1638671875
206,922.5,757.1638671875
207,734,757.1638671875
208,743,757.1638671875
209,735.5,757.1638671875
210,798.5,757.1638671875
211,737.5,757.1638671875
212,651.75,757.1638671875
213,629.25,757.1638671875
214,768.5,757.1638671875
215,746.75,757.1638671875
216,818.25,757.1638671875
217,807.75,757.1638671875
218,913.75,757.1638671875
219,868.75,757.1638671875
220,841.25,757.1638671875
221,914.5,757.1638671875
222,738.5,757.1638671875
223,863.75,757.1638671875
224,950,757.1638671875
225,802,757.1638671875
226,740.5,757.1638671875
227,749.75,757.1638671875
228,798,757.1638671875
229,763.5,757.1638671875
230,730.25,757.1638671875
231,857.75,757.1638671875
232,744.75,757.1638671875
233,943.25,757.1638671875
234,842.5,757.1638671875
235,663.5,757.1638671875
236,831.25,757.1638671875
237,832.5,757.1638671875
238,944.75,757.1638671875
239,943.25,757.1638671875
240,976.75,757.1638671875
241,1077.5,757.1638671875
242,671.25,757.1638671875
243,756,757.1638671875
244,650.5,757.1638671875
245,722.75,757.1638671875
246,793.75,757.1638671875
247,824,757.1638671875
248,544.25,757.1638671875
249,767,757.1638671875
250,830,757.1638671875
251,736.5,757.1638671875
252,866.5,757.1638671875
253,777.75,757.1638671875
254,666.5,757.1638671875
255,580,757.1638671875
256,553.25,757.1638671875
257,176.5,18.6267833109018
258,-92.75,18.6267833109018
259,-20.5,18.6267833109018
260,22.5,18.6267833109018
261,0.25,18.6267833109018
262,-16.5,18.6267833109018
263,-39.5,18.6267833109018
264,-83.25,18.6267833109018
265,-2.75,18.6267833109018
266,50.25,18.6267833109018
267,31.5,18.6267833109018
268,-26,18.6267833109018
269,-22,18.6267833109018
270,26.75,18.6267833109018
271,-46.25,18.6267833109018
272,-67,18.6267833109018
273,3,18.6267833109018
274,27,18.6267833109018
275,-62,18.6267833109018
276,1,18.6267833109018
277,-15.75,18.6267833109018
278,-38.5,18.6267833109018
279,116,18.6267833109018
280,63.25,18.6267833109018
281,-20.75,18.6267833109018
282,89.25,18.6267833109018
283,11.25,18.6267833109018
284,32.75,18.6267833109018
285,38.75,18.6267833109018
286,64.25,18.6267833109018
287,60.25,18.6267833109018
288,55.25,18.6267833109018
289,48,18.6267833109018
290,36,18.6267833109018
291,20.25,18.6267833109018
292,58.75,18.6267833109018
293,41.25,18.6267833109018
294,46.5,18.6267833109018
295,22.25,18.6267833109018
296,14.75,18.6267833109018
297,-49.25,18.6267833109018
298,-15.25,18.6267833109018
299,47.25,18.6267833109018
300,71,18.6267833109018
301,-60.75,18.6267833109018
302,-91.5,18.6267833109018
303,-80.25,18.6267833109018
304,-11.25,18.6267833109018
305,-41.75,18.6267833109018
306,29.75,18.6267833109018
307,-14,18.6267833109018
308,67.5,18.6267833109018
309,166.75,18.6267833109018
310,0.75,18.6267833109018
311,-2.25,18.6267833109018
312,-56.75,18.6267833109018
313,-41.25,18.6267833109018
314,-40.25,18.6267833109018
315,-20.5,18.6267833109018
316,-1,18.6267833109018
317,13.5,18.6267833109018
318,25.25,18.6267833109018
319,-26.75,18.6267833109018
320,-11,18.6267833109018
321,14.5,18.6267833109018
322,45.5,18.6267833109018
323,23.5,18.6267833109018
324,25.25,18.6267833109018
325,137.75,18.6267833109018
326,46.5,18.6267833109018
327,32.75,18.6267833109018
328,88.5,18.6267833109018
329,52.5,18.6267833109018
330,40,18.6267833109018
331,88.75,18.6267833109018
332,-45.5,18.6267833109018
333,13.75,18.6267833109018
334,-10.5,18.6267833109018
335,21.25,18.6267833109018
336,-23.25,18.6267833109018
337,33.5,18.6267833109018
338,-42,18.6267833109018
339,-1,18.6267833109018
340,87.75,18.6267833109018
341,29,18.6267833109018
342,-11,18.6267833109018
343,63.25,18.6267833109018
344,-20.75,18.6267833109018
345,-23,18.6267833109018
346,-48,18.6267833109018
347,-30.25,18.6267833109018
348,-89,18.6267833109018
349,-49.75,18.6267833109018
350,-27.5,18.6267833109018
351,30.75,18.6267833109018
352,6.75,18.6267833109018
353,-4.75,18.6267833109018
354,27.5,18.6267833109018
355,32,18.6267833109018
356,-49,18.6267833109018
357,-19,18.6267833109018
358,67.5,18.6267833109018
359,-10.25,18.6267833109018
360,12,18.6267833109018
361,-10.5,18.6267833109018
362,-69,18.6267833109018
363,2.25,18.6267833109018
364,9.5,18.6267833109018
365,46,18.6267833109018
366,-22.25,18.6267833109018
367,-51,18.6267833109018
368,-18.5,18.6267833109018
369,92.5,18.6267833109018
370,33.25,18.6267833109018
371,-0.5,18.6267833109018
372,78.75,18.6267833109018
373,77.5,18.6267833109018
374,38.25,18.6267833109018
375,110,18.6267833109018
376,101.5,18.6267833109018
377,185.5,18.6267833109018
378,143.75,18.6267833109018
379,158,18.6267833109018
380,68.5,18.6267833109018
381,126.75,18.6267833109018
382,67.75,18.6267833109018
383,-42,18.6267833109018
384,22.25,18.6267833109018
385,89,18.6267833109018
386,83.5,18.6267833109018
387,41.25,18.6267833109018
388,-32.75,18.6267833109018
389,35,18.6267833109018
390,14.25,18.6267833109018
391,82,18.6267833109018
392,-45.25,18.6267833109018
393,27.25,18.6267833109018
394,-48.25,18.6267833109018
395,-33.5,18.6267833109018
396,88.5,18.6267833109018
397,7.75,18.6267833109018
398,25.5,18.6267833109018
399,44.25,18.6267833109018
400,26.5,18.6267833109018
401,25.75,18.6267833109018
402,8.5,18.6267833109018
403,17,18.6267833109018
404,78.25,18.6267833109018
405,-3.75,18.6267833109018
406,83,18.6267833109018
407,12.5,18.6267833109018
408,24.25,18.6267833109018
409,13.75,18.6267833109018
410,-21.75,18.6267833109018
411,-16.75,18.6267833109018
412,-13.75,18.6267833109018
413,-33.5,18.6267833109018
414,-7.25,18.6267833109018
415,10.75,18.6267833109018
416,18,18.6267833109018
417,-9.75,18.6267833109018
418,13,18.6267833109018
419,-7,18.6267833109018
420,-76,18.6267833109018
421,-5.25,18.6267833109018
422,-152.75,18.6267833109018
423,-34.25,18.6267833109018
424,66.5,18.6267833109018
425,62.25,18.6267833109018
426,87,18.6267833109018
427,71,18.6267833109018
428,16.5,18.6267833109018
429,-23.75,18.6267833109018
430,13,18.6267833109018
431,-94.25,18.6267833109018
432,31.25,18.6267833109018
433,-4.25,18.6267833109018
434,-81,18.6267833109018
435,29.75,18.6267833109018
436,6,18.6267833109018
437,-6.75,18.6267833109018
438,-23.5,18.6267833109018
439,71.25,18.6267833109018
440,1.75,18.6267833109018
441,31.5,18.6267833109018
442,112.5,18.6267833109018
443,-6.75,18.6267833109018
444,19,18.6267833109018
445,-67.5,18.6267833109018
446,-13.25,18.6267833109018
447,-19.5,18.6267833109018
448,115.25,18.6267833109018
449,58.5,18.6267833109018
450,-25.5,18.6267833109018
451,-58.75,18.6267833109018
452,73.25,18.6267833109018
453,-35.25,18.6267833109018
454,2.75,18.6267833109018
455,71,18.6267833109018
456,-11,18.6267833109018
457,-15.25,18.6267833109018
458,-21,18.6267833109018
459,5,18.6267833109018
460,-5.25,18.6267833109018
461,-11.5,18.6267833109018
462,34.25,18.6267833109018
463,53.5,18.6267833109018
464,-12.75,18.6267833109018
465,99.25,18.6267833109018
466,35.75,18.6267833109018
467,20,18.6267833109018
468,85.5,18.6267833109018
469,61.75,18.6267833109018
470,62.5,18.6267833109018
471,-31.75,18.6267833109018
472,109.25,18.6267833109018
473,84.25,18.6267833109018
474,80.5,18.6267833109018
475,88,18.6267833109018
476,-1.25,18.6267833109018
477,30.5,18.6267833109018
478,47.75,18.6267833109018
479,-11.75,18.6267833109018
480,28.75,18.6267833109018
481,20.5,18.6267833109018
482,60,18.6267833109018
483,-8.75,18.6267833109018
484,19.5,18.6267833109018
485,-84.75,18.6267833109018
486,18,18.6267833109018
487,2.75,18.6267833109018
488,189.5,18.6267833109018
489,-0.5,18.6267833109018
490,-35.5,18.6267833109018
491,-11,18.6267833109018
492,-67,18.6267833109018
493,-75.75,18.6267833109018
494,36.5,18.6267833109018
495,13.75,18.6267833109018
496,-6.5,18.6267833109018
497,20.25,18.6267833109018
498,-58.75,18.6267833109018
499,-16.75,18.6267833109018
500,-41.75,18.6267833109018
501,21.75,18.6267833109018
502,65.75,18.6267833109018
503,-37,18.6267833109018
504,31,18.6267833109018
505,-115.5,18.6267833109018
506,-40.75,18.6267833109018
507,12,18.6267833109018
508,-7,18.6267833109018
509,-14.25,18.6267833109018
510,-55.5,18.6267833109018
511,27.25,18.6267833109018
512,-35.5,18.6267833109018
513,86.75,18.6267833109018
514,-48.75,18.6267833109018
515,25.5,18.6267833109018
516,98,18.6267833109018
517,27.5,18.6267833109018
518,18.25,18.6267833109018
519,51.25,18.6267833109018
520,-97,18.6267833109018
521,72.5,18.6267833109018
522,-7.5,18.6267833109018
523,67.25,18.6267833109018
524,63,18.6267833109018
525,61,18.6267833109018
526,67,18.6267833109018
527,-0.5,18.6267833109018
528,79.25,18.6267833109018
529,-32.75,18.6267833109018
530,47,18.6267833109018
531,29.5,18.6267833109018
532,48,18.6267833109018
533,2.5,18.6267833109018
534,-9,18.6267833109018
535,-32.5,18.6267833109018
536,-43.75,18.6267833109018
537,12.75,18.6267833109018
538,60,18.6267833109018
539,-78.5,18.6267833109018
540,-24.5,18.6267833109018
541,-70,18.6267833109018
542,10.25,18.6267833109018
543,-49.25,18.6267833109018
544,67.5,18.6267833109018
545,39.25,18.6267833109018
546,52.25,18.6267833109018
547,47.75,18.6267833109018
548,-36.25,18.6267833109018
549,0.25,18.6267833109018
550,39,18.6267833109018
551,-22.25,18.6267833109018
552,-43.75,18.6267833109018
553,-89.75,18.6267833109018
554,-43.5,18.6267833109018
555,-9.25,18.6267833109018
556,54.25,18.6267833109018
557,-26,18.6267833109018
558,23.5,18.6267833109018
559,62,18.6267833109018
560,-9.75,18.6267833109018
561,11.75,18.6267833109018
562,123.5,18.6267833109018
563,36.5,18.6267833109018
564,68,18.6267833109018
565,-58.25,18.6267833109018
566,-66.25,18.6267833109018
567,38,18.6267833109018
568,15.25,18.6267833109018
569,-13.25,18.6267833109018
570,-39.5,18.6267833109018
571,2.5,18.6267833109018
572,-65.5,18.6267833109018
573,-17,18.6267833109018
574,-13,18.6267833109018
575,40,18.6267833109018
576,3.5,18.6267833109018
577,-7.25,18.6267833109018
578,34.5,18.6267833109018
579,-56.75,18.6267833109018
580,38.25,18.6267833109018
581,69,18.6267833109018
582,37.5,18.6267833109018
583,-27.5,18.6267833109018
584,-56.5,18.6267833109018
585,2,18.6267833109018
586,110.75,18.6267833109018
587,-69.75,18.6267833109018
588,-2.75,18.6267833109018
589,-56.25,18.6267833109018
590,-16,18.6267833109018
591,69.75,18.6267833109018
592,54,18.6267833109018
593,-110.5,18.6267833109018
594,-34,18.6267833109018
595,20.75,18.6267833109018
596,-60.25,18.6267833109018
597,22.5,18.6267833109018
598,33.75,18.6267833109018
599,-32.5,18.6267833109018
600,49.5,18.6267833109018
601,-28,18.6267833109018
602,-8,18.6267833109018
603,-1.75,18.6267833109018
604,48.75,18.6267833109018
605,-16.75,18.6267833109018
606,118,18.6267833109018
607,19.5,18.6267833109018
608,-76.25,18.6267833109018
609,-4,18.6267833109018
610,-108.5,18.6267833109018
611,46,18.6267833109018
612,37.5,18.6267833109018
613,-76,18.6267833109018
614,-63.5,18.6267833109018
615,-28.75,18.6267833109018
616,-1.75,18.6267833109018
617,56.25,18.6267833109018
618,-33.5,18.6267833109018
619,-0.75,18.6267833109018
620,-25.25,18.6267833109018
621,-22.5,18.6267833109018
622,84.25,18.6267833109018
623,-15.5,18.6267833109018
624,36.75,18.6267833109018
625,56.25,18.6267833109018
626,66.75,18.6267833109018
627,-31.25,18.6267833109018
628,108.5,18.6267833109018
629,40.75,18.6267833109018
630,53,18.6267833109018
631,-2.5,18.6267833109018
632,-1.25,18.6267833109018
633,-2.75,18.6267833109018
634,5,18.6267833109018
635,62.75,18.6267833109018
636,72.75,18.6267833109018
637,-1.25,18.6267833109018
638,7.25,18.6267833109018
639,28,18.6267833109018
640,22.75,18.6267833109018
641,32.5,18.6267833109018
642,21.75,18.6267833109018
643,105.75,18.6267833109018
644,42.25,18.6267833109018
645,51.5,18.6267833109018
646,83.5,18.6267833109018
647,-2.25,18.6267833109018
648,76,18.6267833109018
649,29,18.6267833109018
650,51.25,18.6267833109018
651,66.25,18.6267833109018
652,108,18.6267833109018
653,15.5,18.6267833109018
654,22,18.6267833109018
655,-49.25,18.6267833109018
656,59.5,18.6267833109018
657,132.25,18.6267833109018
658,47,18.6267833109018
659,1.75,18.6267833109018
660,21.75,18.6267833109018
661,63.75,18.6267833109018
662,-13.25,18.6267833109018
663,-21.5,18.6267833109018
664,31,18.6267833109018
665,14.5,18.6267833109018
666,-32.5,18.6267833109018
667,-66,18.6267833109018
668,0.75,18.6267833109018
669,21,18.6267833109018
670,77,18.6267833109018
671,68.5,18.6267833109018
672,122.75,18.6267833109018
673,16.5,18.6267833109018
674,14.5,18.6267833109018
675,8,18.6267833109018
676,62.5,18.6267833109018
677,48.25,18.6267833109018
678,8.25,18.6267833109018
679,-5.5,18.6267833109018
680,50,18.6267833109018
681,-55.5,18.6267833109018
682,-80.75,18.6267833109018
683,-34.5,18.6267833109018
684,-102.75,18.6267833109018
685,59.5,18.6267833109018
686,-9,18.6267833109018
687,-26.25,18.6267833109018
688,-2.5,18.6267833109018
689,-41.75,18.6267833109018
690,114,18.6267833109018
691,113.75,18.6267833109018
692,2.75,18.6267833109018
693,-29.25,18.6267833109018
694,-48.75,18.6267833109018
695,44,18.6267833109018
696,60.75,18.6267833109018
697,-45.5,18.6267833109018
698,26.25,18.6267833109018
699,2.25,18.6267833109018
700,-13.75,18.6267833109018
701,-53.25,18.6267833109018
702,69.25,18.6267833109018
703,48.25,18.6267833109018
704,42.25,18.6267833109018
705,-25.75,18.6267833109018
706,5.75,18.6267833109018
707,-9,18.6267833109018
708,22,18.6267833109018
709,-16.25,18.6267833109018
710,-1.75,18.6267833109018
711,14.75,18.6267833109018
712,32.75,18.6267833109018
713,-22.5,18.6267833109018
714,20.75,18.6267833109018
715,8,18.6267833109018
716,-24.5,18.6267833109018
717,-21,18.6267833109018
718,29.75,18.6267833109018
719,1,18.6267833109018
720,-1.25,18.6267833109018
721,39.75,18.6267833109018
722,-38.5,18.6267833109018
723,1.75,18.6267833109018
724,-59.5,18.6267833109018
725,-60,18.6267833109018
726,27.25,18.6267833109018
727,-38.5,18.6267833109018
728,-20.25,18.6267833109018
729,57.75,18.6267833109018
730,22.75,18.6267833109018
731,67.5,18.6267833109018
732,20.5,18.6267833109018
733,60.75,18.6267833109018
734,75.25,18.6267833109018
735,92.25,18.6267833109018
736,94.25,18.6267833109018
737,71.25,18.6267833109018
738,-17.25,18.6267833109018
739,21.5,18.6267833109018
740,29.75,18.6267833109018
741,96,18.6267833109018
742,2,18.6267833109018
743,-27.25,18.6267833109018
744,21,18.6267833109018
745,34.5,18.6267833109018
746,67.25,18.6267833109018
747,79.25,18.6267833109018
748,83.5,18.6267833109018
749,50.5,18.6267833109018
750,66.25,18.6267833109018
751,4,18.6267833109018
752,71.5,18.6267833109018
753,58.75,18.6267833109018
754,87,18.6267833109018
755,35.5,18.6267833109018
756,42.75,18.6267833109018
757,-106,18.6267833109018
758,-55.5,18.6267833109018
759,37.75,18.6267833109018
760,88.5,18.6267833109018
761,39,18.6267833109018
762,56,18.6267833109018
763,-16.75,18.6267833109018
764,29.75,18.6267833109018
765,42.75,18.6267833109018
766,-59,18.6267833109018
767,82.25,18.6267833109018
768,120.5,18.6267833109018
769,120.5,18.6267833109018
770,37.75,18.6267833109018
771,-27.5,18.6267833109018
772,25,18.6267833109018
773,15.25,18.6267833109018
774,-32.5,18.6267833109018
775,-8.25,18.6267833109018
776,-23.25,18.6267833109018
777,6.5,18.6267833109018
778,-19.75,18.6267833109018
779,0.25,18.6267833109018
780,20.25,18.6267833109018
781,19,18.6267833109018
782,18.75,18.6267833109018
783,7.5,18.6267833109018
784,-45.5,18.6267833109018
785,-60,18.6267833109018
786,-1,18.6267833109018
787,-29.75,18.6267833109018
788,3.25,18.6267833109018
789,66.25,18.6267833109018
790,32,18.6267833109018
791,-0.25,18.6267833109018
792,-92,18.6267833109018
793,31.25,18.6267833109018
794,25.75,18.6267833109018
795,-1.5,18.6267833109018
796,90.5,18.6267833109018
797,26.25,18.6267833109018
798,55.25,18.6267833109018
799,33,18.6267833109018
800,-12.5,18.6267833109018
801,93.25,18.6267833109018
802,-45.75,18.6267833109018
803,9.75,18.6267833109018
804,65,18.6267833109018
805,-40,18.6267833109018
806,11.25,18.6267833109018
807,50.5,18.6267833109018
808,24,18.6267833109018
809,59.25,18.6267833109018
810,29.75,18.6267833109018
811,63.5,18.6267833109018
812,-1,18.6267833109018
813,32.75,18.6267833109018
814,24.5,18.6267833109018
815,32.25,18.6267833109018
816,51.5,18.6267833109018
817,26,18.6267833109018
818,22,18.6267833109018
819,-7.25,18.6267833109018
820,-48.5,18.6267833109018
821,5.75,18.6267833109018
822,-40,18.6267833109018
823,14.75,18.6267833109018
824,-13.75,18.6267833109018
825,-51,18.6267833109018
826,-28,18.6267833109018
827,11.5,18.6267833109018
828,-39.75,18.6267833109018
829,3.75,18.6267833109018
830,-3.5,18.6267833109018
831,-39,18.6267833109018
832,3,18.6267833109018
833,37.25,18.6267833109018
834,-49,18.6267833109018
835,27.75,18.6267833109018
836,28.5,18.6267833109018
837,-22.25,18.6267833109018
838,4,18.6267833109018
839,3,18.6267833109018
840,-28.25,18.6267833109018
841,67,18.6267833109018
842,60.75,18.6267833109018
843,40.75,18.6267833109018
844,55.75,18.6267833109018
845,-12.75,18.6267833109018
846,51,18.6267833109018
847,45.75,18.6267833109018
848,17.75,18.6267833109018
849,88,18.6267833109018
850,-16,18.6267833109018
851,0.5,18.6267833109018
852,-64.25,18.6267833109018
853,-1.5,18.6267833109018
854,-18,18.6267833109018
855,-23.5,18.6267833109018
856,-56.25,18.6267833109018
857,-32.25,18.6267833109018
858,35.5,18.6267833109018
859,31.75,18.6267833109018
860,4.75,18.6267833109018
861,33,18.6267833109018
862,-35.75,18.6267833109018
863,11.75,18.6267833109018
864,-28,18.6267833109018
865,30.25,18.6267833109018
866,-39,18.6267833109018
867,-55.5,18.6267833109018
868,-16.25,18.6267833109018
869,-42.25,18.6267833109018
870,-26.25,18.6267833109018
871,47.25,18.6267833109018
872,-64.5,18.6267833109018
873,-3,18.6267833109018
874,38,18.6267833109018
875,18.75,18.6267833109018
876,14.75,18.6267833109018
877,46.75,18.6267833109018
878,-49.25,18.6267833109018
879,65,18.6267833109018
880,-45.75,18.6267833109018
881,64.5,18.6267833109018
882,51.25,18.6267833109018
883,55.25,18.6267833109018
884,-45,18.6267833109018
885,29.25,18.6267833109018
886,45,18.6267833109018
887,36,18.6267833109018
888,37,18.6267833109018
889,-21.25,18.6267833109018
890,18.25,18.6267833109018
891,42.75,18.6267833109018
892,62.25,18.6267833109018
893,-25.25,18.6267833109018
894,21,18.6267833109018
895,87.5,18.6267833109018
896,-34.75,18.6267833109018
897,-108,18.6267833109018
898,16.75,18.6267833109018
899,88.5,18.6267833109018
900,68.25,18.6267833109018
901,26.25,18.6267833109018
902,-107,18.6267833109018
903,39,18.6267833109018
904,51,18.6267833109018
905,96.5,18.6267833109018
906,33.25,18.6267833109018
907,4,18.6267833109018
908,10,18.6267833109018
909,-37.25,18.6267833109018
910,57,18.6267833109018
911,94.75,18.6267833109018
912,22.75,18.6267833109018
913,63,18.6267833109018
914,20.5,18.6267833109018
915,-83.25,18.6267833109018
916,25.75,18.6267833109018
917,9.25,18.6267833109018
918,-32.75,18.6267833109018
919,-55.75,18.6267833109018
920,49.25,18.6267833109018
921,102.5,18.6267833109018
922,81.75,18.6267833109018
923,17.25,18.6267833109018
924,23.75,18.6267833109018
925,-9.75,18.6267833109018
926,34.25,18.6267833109018
927,26.25,18.6267833109018
928,46.75,18.6267833109018
929,98.25,18.6267833109018
930,32.25,18.6267833109018
931,84.75,18.6267833109018
932,22.25,18.6267833109018
933,108,18.6267833109018
934,38.75,18.6267833109018
935,9,18.6267833109018
936,-16.25,18.6267833109018
937,-33.25,18.6267833109018
938,72.5,18.6267833109018
939,69.75,18.6267833109018
940,147.25,18.6267833109018
941,15,18.6267833109018
942,-1.5,18.6267833109018
943,81,18.6267833109018
944,-34.75,18.6267833109018
945,33.25,18.6267833109018
946,-14.25,18.6267833109018
947,62.75,18.6267833109018
948,-2,18.6267833109018
949,46.5,18.6267833109018
950,-0.25,18.6267833109018
951,107.25,18.6267833109018
952,7.5,18.6267833109018
953,-20.75,18.6267833109018
954,14.5,18.6267833109018
955,35.75,18.6267833109018
956,64.75,18.6267833109018
957,7.75,18.6267833109018
958,-19.5,18.6267833109018
959,55.75,18.6267833109018
960,-25.5,18.6267833109018
961,-1.25,18.6267833109018
962,46.25,18.6267833109018
963,-29.25,18.6267833109018
964,-10.25,18.6267833109018
965,-29,18.6267833109018
966,-3.5,18.6267833109018
967,61.75,18.6267833109018
968,5,18.6267833109018
969,41.75,18.6267833109018
970,44.75,18.6267833109018
971,-81.25,18.6267833109018
972,12.75,18.6267833109018
973,6.75,18.6267833109018
974,51.25,18.6267833109018
975,67.5,18.6267833109018
976,32.25,18.6267833109018
977,79,18.6267833109018
978,-23.5,18.6267833109018
979,-69.75,18.6267833109018
980,68.75,18.6267833109018
981,20.25,18.6267833109018
982,53,18.6267833109018
983,-54.5,18.6267833109018
984,-8.5,18.6267833109018
985,-35.75,18.6267833109018
986,18.25,18.6267833109018
987,-13.5,18.6267833109018
988,60.5,18.6267833109018
989,31.75,18.6267833109018
990,30.75,18.6267833109018
991,-3.25,18.6267833109018
992,17,18.6267833109018
993,34.5,18.6267833109018
994,1,18.6267833109018
995,40.25,18.6267833109018
996,50,18.6267833109018
997,-19,18.6267833109018
998,-51.75,18.6267833109018
999,3001.2,18.6267833109018
